      layer  pos  head      prob  probdiff      logit  logitdiff token
2339   14.0    4     9  0.215777  0.141894  15.067775   1.271459  _she
3419   21.0    4     5  0.171591  0.097709  14.627786   0.831470  _she
863     5.0    1     6  0.117649  0.043767  14.321921   0.525605  _she
1173    7.0    1     5  0.114117  0.040234  14.284411   0.488095  _she
865     5.0    2     6  0.103422  0.029539  14.179585   0.383269  _she
3055   19.0    2     1  0.101191  0.027309  14.104875   0.308558  _she
3059   19.0    4     1  0.097117  0.023235  14.105927   0.309611  _she
3429   21.0    4     6  0.093578  0.019696  14.055175   0.258859  _she
273     1.0    1    11  0.092688  0.018805  14.019306   0.222990  _she
2089   13.0    4     0  0.090098  0.016215  14.026484   0.230167  _she